time,x,y,z,phi,theta,psi,x_velocity,y_velocity,z_velocity,phi_velocity,theta_velocity,psi_velocity,rotor_speed1,rotor_speed2,rotor_speed3,rotor_speed4
0.06,3.33731249574e-08,-7.84465339207e-08,0.00182393697466,6.28303042058,6.28313457198,0.0,3.49899218374e-06,-9.51005966172e-06,0.0607960242783,-0.0083217890223,-0.00259292814817,0.0,424.31625678369676,424.0936605923751,424.71080521814497,423.99664143999183
0.12000000000000001,2.25573888162e-06,-6.30412574039e-06,0.0117765668435,6.28276240891,6.28277030723,0.0,0.000100018108378,-0.00024229083095,0.270931311871,0.00230270745423,-0.0141385181059,0.0,471.070108829935,470.1767255282321,470.0895066019986,470.9119998390038
0.18,2.24626837732e-05,-3.065932515e-05,0.0350156282321,6.28286882336,6.28171061749,0.0,0.000688178245005,-0.000554615385013,0.503630037382,0.000693644300937,-0.0258499292456,0.0,477.2891576588089,476.3947304291225,477.73449526760703,477.61177270615536
0.23999999999999996,0.000103551772879,-7.05896160163e-05,0.0704107537929,5.30830259358e-05,6.28051139144,0.0,0.00216739508732,-0.000751184885304,0.676120573468,0.0153109450482,-0.0102820354654,0.0,459.2907330445972,460.5236050897436,458.7442776805884,459.9032487554049
0.3,0.000283015872781,-0.000111762895908,0.111066064808,0.000846267891697,6.27997380616,0.0,0.00386521567033,-0.00054592825625,0.679054523123,0.00866996493671,-0.0064382962159,0.0,404.9659908105496,405.3116516384959,405.99072100544777,405.3944206868113
0.36000000000000004,0.000584119978017,-0.000124114549874,0.155198444496,0.00182924730017,6.27938717875,0.0,0.00622084615619,0.000215649950466,0.791952630088,0.0285236975102,-0.0174687058263,0.0,441.45116378919977,440.5402802941746,441.1175944532857,442.7537507095107
0.4200000000000001,0.00104656163177,-6.22400211109e-05,0.207617066318,0.0039514917535,6.27895300271,0.0,0.00926997127254,0.00206300701583,0.955211417207,0.0463994363192,0.00787592334956,0.0,456.0690251481931,458.0886604546296,456.5891014907288,458.0133064222985
0.48000000000000015,0.00169540648157,0.000161372257038,0.269643161196,0.00650307628117,6.2789954245,0.0,0.0123219096134,0.00568629003172,1.11218398432,0.033367542936,-0.0202009918995,0.0,456.5357341762497,454.29025920531245,456.21441809862523,455.17373984997624
0.5400000000000001,0.00252019479313,0.000636063415271,0.338071296806,0.00893194660498,6.27773043993,0.0,0.0152890836109,0.010350797806,1.16869537281,0.0518565049264,-0.022908138523,0.0,424.5815308372994,424.34921569914565,423.02880956593015,424.6186242559899
0.6000000000000002,0.0035549983859,0.00145308911001,0.411131043522,0.0121986361345,6.27650058804,0.0,0.0193357831765,0.0172071045198,1.26652181837,0.0591734080372,-0.01606677501,0.0,437.5612793640991,438.1303924462079,437.0493692152191,437.66073923192226
0.6600000000000003,0.00489970131863,0.00283283047608,0.496459557516,0.0159486572429,6.27497971719,0.0,0.0256291586662,0.0292665679348,1.57737870732,0.0684364083087,-0.0599602494721,0.0,502.6997504109747,499.5090109136311,500.4133192672561,501.08939920582407
0.7200000000000003,0.0066368333719,0.00496564940678,0.595996494009,0.0200226149255,6.2719087694,0.0,0.0326397487987,0.0422786586751,1.74027374302,0.0668034015056,-0.0377450531431,0.0,458.50454342007674,460.26420317736734,458.42528235708033,458.2988284942364
0.7800000000000004,0.00886406836083,0.00797971095945,0.705742552979,0.0236869528899,6.26922035897,0.0,0.0418719611185,0.0586233852684,1.917634382,0.0460147839494,-0.0652109824825,0.0,464.88764678419756,462.72940544580825,464.5239505671692,462.89341769645506
0.8400000000000004,0.0116829009857,0.0120023278892,0.824021107325,0.0262299317119,6.26556894076,0.0,0.0524750373685,0.0757337054436,2.0247865885,0.0338982272674,-0.0533290441596,0.0,442.81779388434336,443.7913834074112,442.8568512199168,441.86012315399296
0.9000000000000005,0.015176646962,0.0170509249506,0.946797897826,0.028608838208,6.26213255321,0.0,0.0642908251537,0.0927587287983,2.06768355248,0.04919604222,-0.0666323242107,0.0,423.21882237094223,422.06978533597606,421.87430036779944,423.1939285109676
0.9600000000000005,0.0194529621433,0.0231773663171,1.07243185745,0.0311018056693,6.25855531822,0.0,0.0786079409847,0.111718732454,2.12000164856,0.0183141567934,-0.0483790841159,0.0,425.3000868295271,426.8577362050751,427.01492542546873,424.3733763109382
1.0200000000000005,0.0245726107708,0.0303820626286,1.19799034937,0.0317413973388,6.2558763362,0.0,0.0922696194005,0.128515474632,2.0653722452,-0.012626831518,-0.0380774652148,0.0,388.8934231065815,389.85564431040996,391.2735455353126,388.3823864337736
1.0800000000000005,0.0307267559122,0.0387991779748,1.32653715505,0.032151030923,6.25390992701,0.0,0.113092329227,0.152042942537,2.21922631395,0.0303467752038,-0.0238534682953,0.0,457.1910268731707,458.3224460591537,456.4133830894578,459.8301704565001
1.1400000000000006,0.0380863195623,0.0485531632665,1.46146343061,0.0334850294662,6.25280057479,0.0,0.13234290041,0.173245907119,2.27818866203,-0.00358854016874,-0.00948248121779,0.0,428.28495652810125,429.5054800026387,430.0612952517731,427.1774245104736
1.2000000000000006,0.0464695061845,0.0594334053405,1.59500590619,0.0337928219498,6.2521953815,0.0,0.147144529193,0.189441050462,2.17342981034,0.0185010535817,-0.0113229195883,0.0,372.57499171185,372.3951125707154,370.5441143904593,372.70927337942425
1.2600000000000007,0.0559991313563,0.071566480546,1.73029055709,0.0354090912461,6.25200462458,0.0,0.170543447013,0.215138831605,2.33573055146,0.0399688814251,0.00949660697322,0.0,460.12230905102984,461.7675751380045,460.16148798442777,461.85782567764977
1.3200000000000007,0.0668639647586,0.085203537516,1.873116177,0.0375491666645,6.25261288649,0.0,0.1915517666,0.239651758556,2.42492790866,0.0252669492074,0.0113900087061,0.0,439.13111533130757,439.2880211685,439.46499843717027,438.24527807839826
1.3800000000000008,0.0790813745485,0.100482762177,2.0247633028,0.0389559073409,6.25272865607,0.0,0.215612711355,0.269809474502,2.62951890801,0.0195292136543,-0.0346771326976,0.0,476.9062588751959,473.3746344529753,474.40862207217367,473.9678857238211
1.4400000000000008,0.0926590658675,0.117485375088,2.18566966301,0.0403970252225,6.25092732341,0.0,0.237166533116,0.297068243548,2.73376566689,0.0317516158812,-0.0220438676931,0.0,444.9887014332515,446.02133296889036,444.39060551793546,445.3914087776165
1.5000000000000009,0.107614159844,0.136217776949,2.3543521467,0.0422495757751,6.24971510117,0.0,0.261462482459,0.32753469975,2.88858530431,0.029064444034,-0.0167566344661,0.0,461.2453361478382,461.662738712522,461.296521265987,461.08456436486847
1.560000000000001,0.124039947838,0.156802750205,2.5319424258,0.0443017851151,6.24865230969,0.0,0.286161958157,0.358820426962,3.03070407964,0.0428874022074,-0.0196982927979,0.0,458.6416773037201,458.40806179895054,457.5171496183424,458.6168236436899
1.620000000000001,0.141791539069,0.179081555717,2.71289982018,0.0470146620954,6.24794553692,0.0,0.305634376856,0.384027101374,3.00126794566,0.0495029436825,0.000617974498765,0.0,402.24412056508237,404.07987208000054,403.625832707784,404.22385637969757
1.680000000000001,0.160992382518,0.20328683531,2.89981313241,0.0501145897753,6.24786443335,0.0,0.334372232725,0.423150885638,3.228532728,0.0556718814807,-0.00561525821862,0.0,484.50435540012523,484.03552179675575,483.9378406932553,484.40343479297394
1.740000000000001,0.181728733746,0.229642749865,3.09496377789,0.0535020168941,6.24818694801,0.0,0.356827397147,0.455687316397,3.27632690894,0.0579824678175,0.0213139018643,0.0,429.8633355773244,432.13934367926464,430.3743856309411,430.57220039866877
1.8000000000000012,0.203862819909,0.25811225185,3.29475518713,0.0573412999407,6.24934646504,0.0,0.380835765667,0.493655576412,3.38304868003,0.0738864293023,0.0150180598956,0.0,449.61671128732695,449.106288301174,449.5895517769247,450.8791919718623
1.8600000000000012,0.227616112278,0.289292021967,3.50694394537,0.0617380884995,6.25049946537,0.0,0.41076823789,0.546196974475,3.68892511901,0.072038800208,0.0265123976478,0.0,507.4271514863465,508.2515489908868,509.47339574794364,509.3446950159059
1.9200000000000013,0.253029089915,0.32354586801,3.7343569277,0.0657396396882,6.25161261528,0.0,0.436136813143,0.596043253378,3.89079816878,0.0529787750844,-0.00638518299396,0.0,482.322214606918,479.83109170801384,481.90665195941335,480.46656913618364
1.9800000000000013,0.279791854537,0.360557521686,3.96901308503,0.0694871446547,6.25099029374,0.0,0.455993848714,0.637991562829,3.93089633894,0.0767153498971,-0.0198583903225,0.0,432.94747787910984,431.8124161207467,432.6911570563063,434.6877990051642
2.0400000000000014,0.307825184341,0.400301190275,4.20806900446,0.0740504592935,6.24973774344,0.0,0.478561790655,0.687237587832,4.03720326671,0.0747020368078,-0.022992392836,0.0,454.66306061813737,454.41190322471255,454.22884367630127,454.07177191742846
2.1000000000000014,0.337296263141,0.443221091348,4.45519195384,0.0787764393888,6.24852702153,0.0,0.503928633219,0.743888528889,4.19957254948,0.0858540592921,-0.0150742293785,0.0,472.6627923384668,473.2727150449168,471.00286250047924,471.86914261869435
2.1600000000000015,0.368262330108,0.48952872149,4.71055273978,0.0837964347377,6.24741500203,0.0,0.528359415149,0.800187032318,4.31195846607,0.0788905798638,-0.0265492622366,0.0,458.9508613274711,458.03916094978274,458.7347587986347,458.1868959735286
2.2200000000000015,0.400613822138,0.539070340663,4.96971617294,0.0897627564569,6.24559342031,0.0,0.550170360438,0.851680973567,4.32668773207,0.123745930704,-0.0393429930536,0.0,429.35084921144136,428.2635425334384,426.5202949523128,430.3424683215849
2.2800000000000016,0.43428105782,0.591749614564,5.2290185391,0.0978286874981,6.24336395669,0.0,0.572266212196,0.904959327363,4.31665462047,0.150028922013,-0.0331117688792,0.0,420.647899541908,421.1864831652132,419.4596230864981,421.75343545149406
2.3400000000000016,0.469528201273,0.64830516261,5.49307581333,0.106639720569,6.24160922618,0.0,0.602817238407,0.98114922335,4.48444322507,0.13959499491,-0.0224597134462,0.0,476.138213828054,476.95230821217353,477.21176642379135,476.4331235980301
2.4000000000000017,0.506419298607,0.709045223441,5.76180350814,0.115339477492,6.24015037542,0.0,0.627003266108,1.04424500218,4.47305626722,0.154046039636,-0.0283075972004,0.0,423.46084227221183,422.9573170989981,420.65557590826,421.9259993605484
2.4600000000000017,0.544811117728,0.773787207753,6.03037036527,0.125182015942,6.2381389083,0.0,0.652879446126,1.1146501404,4.47898136712,0.17887504486,-0.0468075725059,0.0,429.3109038003564,427.73754158196704,426.8450525817936,428.98516973114835
2.520000000000002,0.584925575861,0.84329661808,6.30211884738,0.136208157206,6.2354866499,0.0,0.68452478709,1.20337213866,4.57866693988,0.192088456598,-0.0394503217498,0.0,458.2287050226569,458.8122019315878,458.00854408949647,459.08973664937764
2.580000000000002,0.626680597747,0.917467021984,6.57341351235,0.147462563713,6.23303393375,0.0,0.707496124953,1.26982377748,4.46475360225,0.176546987525,-0.0438992783202,0.0,387.9600145852846,387.54084486204727,390.2429953748686,388.82876440078496
2.640000000000002,0.670060956217,0.99640271972,6.84198171871,0.158299319944,6.23043687971,0.0,0.73874262549,1.36229835075,4.48717991742,0.187696613774,-0.0420820220979,0.0,434.5451647181106,434.6964049507066,434.83983994514756,435.8050907551445
2.700000000000002,0.715556409545,1.08166484676,7.1154407827,0.170118758991,6.22762469438,0.0,0.778020940478,1.48089848141,4.62721824456,0.211019961049,-0.0587593677858,0.0,473.1952409392143,471.90828344476876,471.5793304979867,473.4124853962447
2.760000000000002,0.763513415272,1.17442491781,7.39795139604,0.182461543631,6.22455925315,0.0,0.820863502956,1.61233763455,4.78871776905,0.192155454257,-0.0390088417901,0.0,480.4069324756152,481.9007872725369,481.1694713080671,479.77684865153964
2.820000000000002,0.814139510203,1.27544771205,7.69066469292,0.194508404511,6.22254076557,0.0,0.866861366222,1.75623927976,4.96718684538,0.214022801916,-0.0246312775702,0.0,488.0114220807674,489.0831771185615,486.55741862467636,488.2270693330624
2.880000000000002,0.867421702681,1.38491674848,7.99168768408,0.207659425563,6.22179899984,0.0,0.909274236653,1.89391311044,5.06602099184,0.227886600248,0.00490409915447,0.0,465.89287335530514,468.1968402982616,465.53492490118987,466.66344056455506
2.940000000000002,0.92277776051,1.50129184182,8.29096420326,0.221605892569,6.22285545561,0.0,0.935903721275,1.98624629364,4.91022969911,0.240258283093,0.03530951675,0.0,380.7854582181516,383.68374141710177,382.14613944466385,383.3868815349343
3.000000000000002,0.980144676167,1.62499030913,8.58788890009,0.23568113051,6.22500849546,0.0,0.97606596474,2.13829986365,4.9864046694,0.219776638648,0.0370086475665,0.0,461.05361491237346,461.1883796005709,461.5369196047112,459.96960250798907
3.0600000000000023,1.04012951227,1.75912398884,8.89360560111,0.248879737376,6.22695504738,0.0,1.02308416879,2.33406770916,5.20253284586,0.220373359179,0.0212401513184,0.0,504.67030778844196,503.53096343421817,504.966366907499,505.0509502150485
3.1200000000000023,1.1024432473,1.90334456947,9.20452725202,0.261853887756,6.22893444592,0.0,1.05388454587,2.4743117665,5.16122276025,0.20633585721,0.0497247303363,0.0,426.5929052706787,429.0192116869729,428.57841082244073,427.4313918422207
3.1800000000000024,1.16662529387,2.05648166066,9.5140179632,0.273988106861,6.23215647762,0.0,1.08521219675,2.63122366177,5.15464543628,0.192447696852,0.0606539401467,0.0,440.0189287378885,440.92484885975887,440.51345135933894,439.40369884520874
3.2400000000000024,1.23254017687,2.21878405857,9.82146628398,0.285815048967,6.23573600645,0.0,1.11164361856,2.77974131597,5.09342976836,0.205103024977,0.0575912970129,0.0,422.9141993558891,422.6529713410471,422.3221411391471,423.452447300854
3.3000000000000025,1.30007329378,2.39074881886,10.1271115267,0.299305520854,6.23920026806,0.0,1.13911497308,2.95342411318,5.09412313364,0.248540224107,0.0580287690554,0.0,444.1916210798646,444.22980601302976,442.5416277225794,446.1510984437889
3.3600000000000025,1.36946955425,2.57530491541,10.438933793,0.314426552898,6.24240563625,0.0,1.17360146243,3.19972932243,5.29802607504,0.258182580725,0.0421005239191,0.0,508.93439921349295,507.7943401663213,508.1608897483145,508.90652389388373
3.4200000000000026,1.44063248323,2.77326081202,10.7576060275,0.329830805459,6.24481885734,0.0,1.1982232043,3.39998054318,5.32340126261,0.253685516848,0.0361677257698,0.0,457.59963373345823,457.12779812741616,458.47484617685814,458.1813917308048
3.4800000000000026,1.5131970781,2.98328023837,11.07706137,0.345199921543,6.2479103965,0.0,1.22031202136,3.60179343266,5.32422597243,0.260668252284,0.0717078035787,0.0,450.82278911477715,453.6874230346086,451.43007694520594,452.05795944716203
3.5400000000000027,1.58715224494,3.20698342308,11.4000943506,0.360302372853,6.2517012294,0.0,1.24433863055,3.85612859508,5.44184743185,0.220186192627,0.0347611038709,0.0,493.224337321631,490.489765587283,491.5563419748261,488.60187275962534
3.6000000000000028,1.6621755327,3.44288614462,11.7212302568,0.37306800474,6.25349086649,0.0,1.25631504344,4.00819663635,5.26290815167,0.19069821598,0.0174701493245,0.0,395.2097548939518,393.61273235355924,394.84978063574016,392.1692542638623
3.660000000000003,1.73796240675,3.68889405968,12.0337272218,0.384455282688,6.25457062345,0.0,1.26982640505,4.19280995468,5.15345479264,0.187905453906,0.019027271009,0.0,419.1905457527935,419.32582378477844,419.27938931708604,419.0740486525878
3.720000000000003,1.81465027557,3.94756806521,12.3431552605,0.39592423006,6.25570436598,0.0,1.28630019086,4.43030359142,5.15984573138,0.196945718359,0.0186312970914,0.0,459.9065499328255,459.875114454488,459.1745472237766,459.92547419451097
3.780000000000003,1.89243899477,4.22260646142,12.6574837678,0.407566092005,6.25666604389,0.0,1.30647847187,4.738176264,5.31575326262,0.187462510992,0.0102338714412,0.0,510.0373716019038,509.43703588753255,508.39868543299036,507.75012951590753
3.840000000000003,1.97122344936,4.51346609234,12.9744245084,0.418394336386,6.25799849723,0.0,1.3195661281,4.95775398031,5.24835829311,0.160420102055,0.0391739183333,0.0,439.0346832110309,441.42998047312074,443.2457149073326,441.0481823122871
3.900000000000003,2.0507583167,4.81755237281,13.2870728103,0.428330810133,6.26066985234,0.0,1.33136753359,5.17894836258,5.17276607732,0.174352965312,0.0535054558734,0.0,438.0745597026584,439.2660879685222,439.9503824141621,441.12903620145426
3.960000000000003,2.13100647704,5.13609141306,13.5974347718,0.438515849582,6.26420882337,0.0,1.3432155534,5.4394321831,5.17158766912,0.158454704112,0.0681470396895,0.0,465.2300878985409,466.37758399386234,467.2156540343343,466.0001178829435
4.020000000000002,2.21185044914,5.46945337712,13.9056473429,0.447804236332,6.26829007849,0.0,1.35121541534,5.6730298136,5.10160388153,0.14628645285,0.0677676063275,0.0,445.8317995826285,445.80425080904035,444.7792903216189,443.8038984256265
4.080000000000001,2.29309180123,5.81664905328,14.209016522,0.457067675068,6.27245999758,0.0,1.35647545908,5.90053119364,5.01027686735,0.167004470054,0.0727519627505,0.0,438.596724777115,439.01433768264695,437.9607235029859,439.7034854162289
4.14,2.37455723512,6.17679371739,14.5052350439,0.467206509382,6.2775561046,0.0,1.35867457914,6.10479540945,4.86355362911,0.172660814492,0.102107541396,0.0,419.6488060311205,422.19604706846786,418.19937192021627,418.72116451136776
4.199999999999998,2.456076701,6.5497751208,14.7935681115,0.477063861628,0.000630026148301,0.0,1.35813754944,6.32835488138,4.7471884749,0.136951813547,0.108411651961,0.0,430.7641843726208,431.30693688167935,433.03071164929247,430.04108140720984
4.259999999999997,2.53745628046,6.93707926641,15.0764603058,0.485518670052,0.007625980373,0.0,1.35390710517,6.58195676229,4.68192043932,0.147840373323,0.129318805942,0.0,449.0844516438766,450.7893040736105,450.42489980236246,451.3229176342512
4.319999999999996,2.61843226414,7.34061199828,15.3571466823,0.495020918625,0.0160493473283,0.0,1.34449108119,6.86922731619,4.67317935971,0.173795364885,0.156399055504,0.0,470.96406706858164,473.0710341560078,469.88571537934916,471.9157287502595
4.379999999999995,2.69878712004,7.75830314688,15.6313554228,0.505551083614,0.0256388339879,0.0,1.33336419554,7.05434786903,4.46731610619,0.178711291684,0.165913392736,0.0,401.08105330469107,401.9716673216205,402.2447601902301,402.72297995013065
4.439999999999993,2.77821873022,8.18938792746,15.897168295,0.516146255355,0.035479777537,0.0,1.3134936152,7.31539504819,4.39231504018,0.171963184859,0.159927232231,0.0,450.9338756019566,450.4751341444863,451.5632992462605,451.0479633146468
4.499999999999992,2.85639098899,8.63479036996,16.1558805457,0.526192812446,0.0454061954442,0.0,1.29152134896,7.53171148933,4.23125399678,0.156396685563,0.174647231334,0.0,420.4247680337503,421.72618812280587,421.5076977610709,420.18820700983406
4.559999999999991,2.93302701591,9.09394241831,16.4061041586,0.535968003444,0.0560403125559,0.0,1.26217107858,7.77354924253,4.10908392619,0.173510144092,0.181958667164,0.0,436.3436206570756,436.98457914127704,434.95945014923234,436.41631645313737
4.6199999999999894,3.00771611179,9.56776683856,16.6491044511,0.546165699057,0.06697145569,0.0,1.2265947474,8.02078514995,3.99036749048,0.161716589928,0.182635315643,0.0,438.58148357149116,438.6702969173155,439.2505591850838,438.2991375158938
4.679999999999988,3.07987244041,10.0581349965,16.8876199686,0.555373508371,0.0777831444514,0.0,1.17763640013,8.32467406479,3.95894357489,0.126863008534,0.174811585311,0.0,471.09879980001296,470.5226340675156,474.008315440878,471.3413720121541
4.739999999999987,3.14929084255,10.5640909076,17.119838814,0.562458045466,0.0881982203112,0.0,1.13555775107,8.54061449365,3.78169993779,0.0878255359031,0.171014141208,0.0,420.7420937094805,420.4439176528642,421.3406739235902,417.96348029835247
4.799999999999986,3.21581491482,11.0842970719,17.343474553,0.567309604497,0.0989529826457,0.0,1.08107356755,8.79927471619,3.67249304289,0.0608932297336,0.192013972547,0.0,444.8313469108196,446.5786759919282,447.72686838340803,445.5346040239705
4.859999999999984,3.27909987796,11.6188539298,17.5587826824,0.571361444993,0.110745378825,0.0,1.02756780613,9.01908401674,3.5046315579,0.0782804395963,0.204316906831,0.0,423.51133342311795,424.60812850305484,423.6689576729881,425.1653370961914
4.919999999999983,3.33857684872,12.168568427,17.7671673736,0.576755311322,0.122574374892,0.0,0.953991073367,9.3041838746,3.44083955662,0.106488678199,0.176310169586,0.0,465.0035036171823,462.83920193329925,461.81893768698956,464.04532034442667
4.979999999999982,3.3939980523,12.7328867534,17.9679016176,0.582801210083,0.133203705878,0.0,0.892648336679,9.50638078715,3.2504616292,0.085741611599,0.178792397982,0.0,416.2635788756719,416.51337621912313,417.6601521947241,415.8553998841679
5.0399999999999805,3.44478167328,13.3125930638,18.1622054207,0.587704012683,0.143968819428,0.0,0.799265518619,9.81637493668,3.22532231831,0.072115274821,0.180640567479,0.0,478.8945094013943,479.06364470701965,479.4632328254797,478.43138896637936
